1111111111191111111111111
1000000000101000000010001
1011101110101011101110101
1006101010101010100000101
1111101010101010111111101
1000001000101000001010301
1011111110171111101010101
1010000010000000101010101
1010111010111111101010101
1500100010100010001010101
1011101111101010111010111
1010001000001010100010001
1010111011111010101011101
1010001010100010101010001
1011101010101010101110101
1010001010101010001000101
1010111010101010111011101
1010000010101410100010001
1011111110101110101110111
1010000000100000101010001
1011101011111111101011101
1000181010000000001000001
1110111010111111111011111
100000001x120000000000001
1111111111111111111111111