1111111111111111111111191
1050100010000000000000101
1010101110111110111110101
1010100000100000100010101
1010111111101111101010101
1010001000071000001010101
1011101011101111101010101
1010000010001000101010101
1011111111111010111010101
1000000000000010100010101
1011111111111110101110101
1010000010001000100000101
1010111010101011101111101
1010100000161010001000001
1010111111111010111110111
1010100000000010000010001
1010101111111111111011101
1010101000000000001000001
1010101011111111101111101
1010100000000002101000101
1010111111111111101010101
1010100010000000101018101
1010101010111110101011101
10301x1000140000001000001
1111111111111111111111111