1111191111111111111111111
1000100000000000100000001
1010101111101110101111101
1010101000001000100002101
1010101011111011111011101
1010101000001000081010001
1010101111101111111010101
1010100017001000001010101
1010111110101011101010101
1010000000101010101010101
1010111111111010101010101
1010100000000000100010101
1011101111111111111110101
1010001000001000100000101
1010111110101010101111101
1050100000101010100000101
1011101111101010111110101
1010001006101010000010101
1010111011101011111010101
1010100000001010001000101
1010101111111010101111101
1010101000000010100004101
1010101011111110101111101
1000101000000x10100000031
1111111111111111111111111