1111111111119111111111111
1111111111110111111111111
1111111111110111111111111
1111111111110111111111111
1111111111110111111111111
1111111111117111111111111
1800000000000000000000061
1111111111110111111111111
1111111111110111111111111
1111111111110111111111111
1111111111110111111111111
1111111111115111111111111
1400000000000000000000001
1111111111110111111111111
1111111111110111111111111
1111111111110111111111111
1111111111110111111111111
1111111111113111111111111
1000000000000000000000021
1111111111110111111111111
1111111111110111111111111
1111111111110111111111111
1111111111110111111111111
111111111111x111111111111
1111111111111111111111111