1111111111110111111111111
1111111111110111111111111
1111111111110111111111111
1111111111110111111111111
1111111111110111111111111
1111111111110111111111111
1111111111110111111111111
1111111111110111111111111
1111111111110111111111111
1111111111110111111111111
1111111111110111111111111
1111111111110111111111111
1111111111110111111111111
1111111111110111111111111
1111111111110111111111111
1111111111110111111111111
1111111111110111111111111
1111111111110111111111111
1111111111110111111111111
1111111111110111111111111
1111111111110111111111111
1111111111110111111111111
1111111111110111111111111
111111111111x111111111111
1111111111111111111111111