1111111111110111111111111
1000000000000111111111111
1011111111111111111111111
1011111111111111111111111
1011111111111111111111111
1011111111111111111111111
1000000000000000000000001
1111111111111111111111101
1111111111111111111111101
1111111111111111111111101
1111111111111111111111101
1111111111111111111111101
1000000000000000000000001
1011111111111111111111111
1011111111111111111111111
1011111111111111111111111
1011111111111111111111111
1011111111111111111111111
1000000000000000000000011
1111111111111111111111011
1111111111111111111111011
1111111111111111111111011
1111111111111111111111011
111111111111x000000000011
1111111111111111111111111